    adjusted by RLC  24Nov05   arrays not given as (1)
&NAM1                                             WINGNO=445.61,         
 MACH=0,NU=2,NV=1,
 UR=363.50774,EPS=1.,
 MSUBN=0.,BRL=.1449013,
 TANLEA=.96857,
 WH=.2520490,1.3311341,
 WA=1.,
 GH=0.,0.,
 GA=0.,
 K1=.15,
 D1K=.02,D2K=.004,D3K=.001,
 NEV=1,NN=1,
 NOPT1=0,NOPT2=0,
 NPR1=1,NPR2=1,NPR3=1,
 NPLOT=0,
 LOWER=.01,UPPER=1.0, 



! various arrays of length jmax
 JMAX=10,
 MR=1.7577213,1.6362015,1.5190614,1.4061185,1.2982474, 
    1.1945391,1.0950591, 1.,.9093310,.8230796,
 RA=.233,.234,.235,.236,.237,.238,.239,.240,.241,.242,
 XA=.037,.030,.023,.016,.009,.002,-.005,-.012,-.018,-.025,
 A=-.117,-.11,-.102,-.095,-.088,-.082,-.074,-.067,-.060,-.053,
 B=1.32579,1.27914,1.23250,1.18580,1.13940,
   1.09295,1.04645,1.,.95359,.90724,
 ENT=10*0.1,


 H(1:10,1)=.00429,.036832,.097280,.18086,.28293,.39907,.52519,.65773,.79376,.93117,
 H(1:10,2)=-.02535,-.18879,-.41726,-.61768,-.71699,-.67127,-.47029,-.13507,+.29154,.76093,
 DH(1:10,1)=.16974,.47295,.72805,.93588,1.09814,1.2177,1.29879,1.3471,1.36998,1.37634,
 DH(1:10,2)= -.97005, -2.12604, -2.28648, -1.59857, -.31353,
            1.24454,  2.7386,   3.8915,   4.55626, 4.77088,

 NC=0,  ! arrays ALPH and DALPH are input, not computed
 ALPH=.07846,.23345,.38268,.5225,.64945,.76041,.85264,.92388,.97237,.99692,
 DALPH=1.56596,1.5274,1.45123,1.33933,1.19444,1.02015,.82074,.6011,.36669,.12322,

 CLAN=4.1775099,4.32607,4.47612,4.61367,4.71742,
   4.7586599,4.69845,4.47442,3.95063,2.6502299,
 ACN=-.491467,-.498279,-.51035599,-.525431,-.54189999,
     -.560435,-.585589,-.627129,-.700407,-.82429899,
 ETA=.05,.15,.25,.35,.45,.55,.65,.75,.85,.95,
/

