 
    EXAMPLE 1 - OPTIMAL TRANSIENT REGULATOR, RUN WITH AMD64/ORACLS AT PDAS       


 PROGRAM TO SOLVE THE TIME-INVARIANT FINITE-DURATION CONTINUOUS OPTIMAL
 REGULATOR PROBLEM WITH NOISE-FREE MEASUREMENTS

      A    MATRIX       4 ROWS       4 COLUMNS
  -0.2600000D+01   0.2500000D+00  -0.3800000D+02   0.0000000D+00
  -0.7500000D-01  -0.2700000D+00   0.4400000D+01   0.0000000D+00
   0.7800000D-01  -0.9900000D+00  -0.2300000D+00   0.5200000D-01
   0.1000000D+01   0.7800000D-01   0.0000000D+00   0.0000000D+00

      B    MATRIX       4 ROWS       2 COLUMNS
   0.1700000D+02   0.7000000D+01
   0.8200000D+00  -0.3200000D+01
   0.0000000D+00   0.4600000D-01
   0.0000000D+00   0.0000000D+00

      Q    MATRIX       4 ROWS       4 COLUMNS
   0.1000000D+01   0.0000000D+00   0.0000000D+00   0.0000000D+00
   0.0000000D+00   0.1000000D+01   0.0000000D+00   0.0000000D+00
   0.0000000D+00   0.0000000D+00   0.1000000D+01   0.0000000D+00
   0.0000000D+00   0.0000000D+00   0.0000000D+00   0.1000000D+01

 H IS AN IDENTITY MATRIX


      R    MATRIX       2 ROWS       2 COLUMNS
   0.1000000D+03   0.0000000D+00
   0.0000000D+00   0.1000000D+03


 WEIGHTING ON TERMINAL VALUE OF STATE VECTOR


      P    MATRIX       4 ROWS       4 COLUMNS
   0.5000000D+00   0.0000000D+00   0.0000000D+00   0.0000000D+00
   0.0000000D+00   0.5000000D+00   0.0000000D+00   0.0000000D+00
   0.0000000D+00   0.0000000D+00   0.5000000D+00   0.0000000D+00
   0.0000000D+00   0.0000000D+00   0.0000000D+00   0.5000000D+00

      Z    MATRIX       8 ROWS       8 COLUMNS

               COLS    1 TO    7
  -0.2600000D+01   0.2500000D+00  -0.3800000D+02   0.0000000D+00  -0.3380000D+01   0.8460000D-01  -0.3220000D-02
  -0.7500000D-01  -0.2700000D+00   0.4400000D+01   0.0000000D+00   0.8460000D-01  -0.1091240D+00   0.1472000D-02
   0.7800000D-01  -0.9900000D+00  -0.2300000D+00   0.5200000D-01  -0.3220000D-02   0.1472000D-02  -0.2116000D-04
   0.1000000D+01   0.7800000D-01   0.0000000D+00   0.0000000D+00  -0.0000000D+00  -0.0000000D+00  -0.0000000D+00
  -0.1000000D+01  -0.0000000D+00  -0.0000000D+00  -0.0000000D+00   0.2600000D+01   0.7500000D-01  -0.7800000D-01
  -0.0000000D+00  -0.1000000D+01  -0.0000000D+00  -0.0000000D+00  -0.2500000D+00   0.2700000D+00   0.9900000D+00
  -0.0000000D+00  -0.0000000D+00  -0.1000000D+01  -0.0000000D+00   0.3800000D+02  -0.4400000D+01   0.2300000D+00
  -0.0000000D+00  -0.0000000D+00  -0.0000000D+00  -0.1000000D+01  -0.0000000D+00  -0.0000000D+00  -0.5200000D-01

    COL    8
  -0.0000000D+00
  -0.0000000D+00
  -0.0000000D+00
  -0.0000000D+00
 
    EXAMPLE 1 - OPTIMAL TRANSIENT REGULATOR, RUN WITH AMD64/ORACLS AT PDAS       
  -0.1000000D+01
  -0.7800000D-01
  -0.0000000D+00
  -0.0000000D+00


 EIGENVALUES OF Z


  -0.6460565D+00   0.0000000D+00
   0.6460565D+00   0.0000000D+00
  -0.7846700D+00   0.2650114D+01
  -0.7846700D+00  -0.2650114D+01
   0.7846700D+00   0.2650114D+01
   0.7846700D+00  -0.2650114D+01
   0.2845146D+01   0.0000000D+00
  -0.2845146D+01   0.0000000D+00


 CORRESPONDING EIGENVECTORS



               COLS    1 TO    7
  -0.4440568D+00  -0.2174198D+00  -0.1390136D+00   0.1447705D+00   0.3782272D-01  -0.4739297D-01  -0.6743784D-01
   0.7778853D-02  -0.4263285D-01   0.7153365D-03  -0.4140722D-01   0.6733072D-02   0.1901463D-01  -0.7531306D-02
   0.1351686D-01   0.9766235D-02   0.1995212D-01  -0.1034973D-02  -0.8470244D-02  -0.1604867D-02   0.3654720D-03
   0.6863950D+00  -0.3416809D+00   0.6337833D-01   0.3366900D-01  -0.1198823D-01  -0.1801986D-01  -0.2390924D-01
   0.1302717D+00   0.1204951D+00  -0.4004065D-01   0.3156917D-01   0.2121883D-01   0.2830491D-01   0.1124530D+00
   0.9675490D+00   0.1000000D+01  -0.1197333D+00  -0.3294206D+00   0.5911726D-01  -0.3574824D+00   0.3767508D+00
  -0.7757402D+00   0.4063117D+00   0.1000000D+01   0.0000000D+00   0.1000000D+01   0.0000000D+00   0.1000000D+01
   0.1000000D+01   0.4961682D+00   0.1711257D-03   0.4348645D-01   0.2141519D-02   0.1573221D-01  -0.9873223D-02

    COL    8
  -0.8846139D+00
  -0.4328751D-01
   0.3842324D-02
   0.3121072D+00
  -0.1199747D+00
  -0.3381220D+00
   0.1000000D+01
   0.1279749D+00


 REORDERED EIGENVECTORS



               COLS    1 TO    7
  -0.2174198D+00   0.3782272D-01  -0.4739297D-01  -0.6743784D-01  -0.4440568D+00   0.1447705D+00  -0.1390136D+00
  -0.4263285D-01   0.6733072D-02   0.1901463D-01  -0.7531306D-02   0.7778853D-02  -0.4140722D-01   0.7153365D-03
   0.9766235D-02  -0.8470244D-02  -0.1604867D-02   0.3654720D-03   0.1351686D-01  -0.1034973D-02   0.1995212D-01
  -0.3416809D+00  -0.1198823D-01  -0.1801986D-01  -0.2390924D-01   0.6863950D+00   0.3366900D-01   0.6337833D-01
   0.1204951D+00   0.2121883D-01   0.2830491D-01   0.1124530D+00   0.1302717D+00   0.3156917D-01  -0.4004065D-01
   0.1000000D+01   0.5911726D-01  -0.3574824D+00   0.3767508D+00   0.9675490D+00  -0.3294206D+00  -0.1197333D+00
   0.4063117D+00   0.1000000D+01   0.0000000D+00   0.1000000D+01  -0.7757402D+00   0.0000000D+00   0.1000000D+01
   0.4961682D+00   0.2141519D-02   0.1573221D-01  -0.9873223D-02   0.1000000D+01   0.4348645D-01   0.1711257D-03
 
    EXAMPLE 1 - OPTIMAL TRANSIENT REGULATOR, RUN WITH AMD64/ORACLS AT PDAS       

    COL    8
  -0.8846139D+00
  -0.4328751D-01
   0.3842324D-02
   0.3121072D+00
  -0.1199747D+00
  -0.3381220D+00
   0.1000000D+01
   0.1279749D+00


 LAMBDA MATRIX OF EIGENVALUES OF Z WITH POSITIVE REAL PARTS



   0.6460565D+00   0.0000000D+00   0.0000000D+00   0.0000000D+00
   0.0000000D+00   0.7846700D+00   0.2650114D+01   0.0000000D+00
   0.0000000D+00  -0.2650114D+01   0.7846700D+00   0.0000000D+00
   0.0000000D+00   0.0000000D+00   0.0000000D+00   0.2845146D+01

     WIZW  MATRIX       8 ROWS       8 COLUMNS

               COLS    1 TO    7
   0.6460565D+00   0.1697962D-15  -0.3229567D-16  -0.2619959D-15   0.6687231D-15  -0.2660892D-15  -0.1561661D-15
  -0.2681308D-14   0.7846700D+00   0.2650114D+01  -0.2669042D-14  -0.7904175D-14   0.1466257D-15   0.1237856D-15
   0.1090930D-14  -0.2650114D+01   0.7846700D+00  -0.3760195D-15   0.4623912D-15  -0.2830210D-14   0.1062508D-16
   0.9910367D-15  -0.2188790D-15  -0.1486344D-15   0.2845146D+01   0.1526094D-14  -0.1099918D-14   0.7334673D-15
   0.4482777D-16   0.6467005D-16  -0.2059056D-16   0.2102725D-15  -0.6460565D+00   0.1247931D-15   0.1315746D-15
  -0.7056707D-15   0.2714489D-15  -0.1164196D-14   0.6517217D-15  -0.8232768D-14  -0.7846700D+00  -0.2650114D+01
   0.4225419D-15   0.1005052D-14  -0.9006057D-15   0.3673603D-15   0.3372453D-14   0.2650114D+01  -0.7846700D+00
  -0.1821786D-14   0.4954290D-15   0.2500780D-15   0.3493854D-15  -0.5150509D-14  -0.3011530D-15  -0.5361791D-16

    COL    8
  -0.8357521D-15
   0.1742358D-14
   0.6337593D-14
   0.2461121D-14
   0.1236491D-15
  -0.2595129D-14
   0.7926955D-15
  -0.2845146D+01

     W11   MATRIX       4 ROWS       4 COLUMNS
  -0.2174198D+00   0.3782272D-01  -0.4739297D-01  -0.6743784D-01
  -0.4263285D-01   0.6733072D-02   0.1901463D-01  -0.7531306D-02
   0.9766235D-02  -0.8470244D-02  -0.1604867D-02   0.3654720D-03
  -0.3416809D+00  -0.1198823D-01  -0.1801986D-01  -0.2390924D-01

     W21   MATRIX       4 ROWS       4 COLUMNS
   0.1204951D+00   0.2121883D-01   0.2830491D-01   0.1124530D+00
   0.1000000D+01   0.5911726D-01  -0.3574824D+00   0.3767508D+00
   0.4063117D+00   0.1000000D+01   0.0000000D+00   0.1000000D+01
   0.4961682D+00   0.2141519D-02   0.1573221D-01  -0.9873223D-02

     W12   MATRIX       4 ROWS       4 COLUMNS
  -0.4440568D+00   0.1447705D+00  -0.1390136D+00  -0.8846139D+00
   0.7778853D-02  -0.4140722D-01   0.7153365D-03  -0.4328751D-01
 
    EXAMPLE 1 - OPTIMAL TRANSIENT REGULATOR, RUN WITH AMD64/ORACLS AT PDAS       
   0.1351686D-01  -0.1034973D-02   0.1995212D-01   0.3842324D-02
   0.6863950D+00   0.3366900D-01   0.6337833D-01   0.3121072D+00

     W22   MATRIX       4 ROWS       4 COLUMNS
   0.1302717D+00   0.3156917D-01  -0.4004065D-01  -0.1199747D+00
   0.9675490D+00  -0.3294206D+00  -0.1197333D+00  -0.3381220D+00
  -0.7757402D+00   0.0000000D+00   0.1000000D+01   0.1000000D+01
   0.1000000D+01   0.4348645D-01   0.1711257D-03   0.1279749D+00

      S    MATRIX       4 ROWS       4 COLUMNS
  -0.9847321D+00  -0.1844303D-01   0.7360667D-01   0.1193864D+00
   0.1868416D+01  -0.4718000D+00  -0.8597088D+00   0.5930796D+00
  -0.5547283D+00  -0.4653334D+00  -0.4146545D+00  -0.2140650D+01
  -0.6982134D+00   0.4811456D+00  -0.1559177D+00  -0.1640177D+01


 MATRIX (R INVERSE)X(B TRANSPOSE)


   0.1700000D+00   0.8200000D-02   0.0000000D+00   0.0000000D+00
   0.7000000D-01  -0.3200000D-01   0.4600000D-03   0.0000000D+00


 EXP(-LAMBDA X   0.20000000D+01)


   0.2746897D+00   0.0000000D+00   0.0000000D+00   0.0000000D+00
   0.0000000D+00   0.1154507D+00   0.1732372D+00   0.0000000D+00
   0.0000000D+00  -0.1732372D+00   0.1154507D+00   0.0000000D+00
   0.0000000D+00   0.0000000D+00   0.0000000D+00   0.3378609D-02



 TIME =   0.20000000D+02


      P    MATRIX       4 ROWS       4 COLUMNS
   0.5000000D+00   0.0000000D+00   0.0000000D+00   0.0000000D+00
   0.0000000D+00   0.5000000D+00   0.0000000D+00   0.0000000D+00
   0.0000000D+00   0.0000000D+00   0.5000000D+00   0.0000000D+00
   0.0000000D+00   0.0000000D+00   0.0000000D+00   0.5000000D+00



 TIME =   0.18000000D+02


      P    MATRIX       4 ROWS       4 COLUMNS
   0.2248061D+00   0.3605405D+00  -0.1421721D+01   0.3202388D+00
   0.3605405D+00   0.1074461D+02  -0.8865502D+01   0.1540913D+01
  -0.1421721D+01  -0.8865502D+01   0.4568389D+02  -0.2623512D+01
   0.3202388D+00   0.1540913D+01  -0.2623512D+01   0.1564111D+01

      F    MATRIX       2 ROWS       4 COLUMNS
   0.4117347D-01   0.1493977D+00  -0.3143896D+00   0.6707609D-01
   0.3545141D-02  -0.3226677D+00   0.2051902D+00  -0.2809933D-01
 
    EXAMPLE 1 - OPTIMAL TRANSIENT REGULATOR, RUN WITH AMD64/ORACLS AT PDAS       



 TIME =   0.16000000D+02


      P    MATRIX       4 ROWS       4 COLUMNS
   0.2381932D+00   0.4098567D+00  -0.1527510D+01   0.3663652D+00
   0.4098567D+00   0.1099159D+02  -0.9007942D+01   0.1713685D+01
  -0.1527510D+01  -0.9007942D+01   0.4925633D+02  -0.2981183D+01
   0.3663652D+00   0.1713685D+01  -0.2981183D+01   0.1722814D+01

      F    MATRIX       2 ROWS       4 COLUMNS
   0.4385367D-01   0.1598067D+00  -0.3335418D+00   0.7633431D-01
   0.2855456D-02  -0.3271847D+00   0.2039864D+00  -0.3056370D-01



 TIME =   0.14000000D+02


      P    MATRIX       4 ROWS       4 COLUMNS
   0.2392433D+00   0.4130254D+00  -0.1529760D+01   0.3698085D+00
   0.4130254D+00   0.1102896D+02  -0.9007651D+01   0.1727845D+01
  -0.1529760D+01  -0.9007651D+01   0.4927195D+02  -0.2987706D+01
   0.3698085D+00   0.1727845D+01  -0.2987706D+01   0.1734617D+01

      F    MATRIX       2 ROWS       4 COLUMNS
   0.4405817D-01   0.1606518D+00  -0.3339219D+00   0.7703578D-01
   0.2826529D-02  -0.3281586D+00   0.2038267D+00  -0.3077878D-01



 TIME =   0.12000000D+02


      P    MATRIX       4 ROWS       4 COLUMNS
   0.2393052D+00   0.4133786D+00  -0.1529755D+01   0.3700329D+00
   0.4133786D+00   0.1103221D+02  -0.9009682D+01   0.1729320D+01
  -0.1529755D+01  -0.9009682D+01   0.4927591D+02  -0.2988022D+01
   0.3700329D+00   0.1729320D+01  -0.2988022D+01   0.1735462D+01

      F    MATRIX       2 ROWS       4 COLUMNS
   0.4407159D-01   0.1607384D+00  -0.3339377D+00   0.7708602D-01
   0.2819563D-02  -0.3282386D+00   0.2038939D+00  -0.3081044D-01



 TIME =   0.10000000D+02


      P    MATRIX       4 ROWS       4 COLUMNS
   0.2393092D+00   0.4134106D+00  -0.1529773D+01   0.3700488D+00
   0.4134106D+00   0.1103247D+02  -0.9009826D+01   0.1729449D+01
  -0.1529773D+01  -0.9009826D+01   0.4927628D+02  -0.2988097D+01
   0.3700488D+00   0.1729449D+01  -0.2988097D+01   0.1735526D+01

      F    MATRIX       2 ROWS       4 COLUMNS
 
    EXAMPLE 1 - OPTIMAL TRANSIENT REGULATOR, RUN WITH AMD64/ORACLS AT PDAS       
   0.4407253D-01   0.1607460D+00  -0.3339419D+00   0.7708978D-01
   0.2818809D-02  -0.3282448D+00   0.2038974D+00  -0.3081348D-01



 TIME =   0.80000000D+01


      P    MATRIX       4 ROWS       4 COLUMNS
   0.2393095D+00   0.4134129D+00  -0.1529775D+01   0.3700500D+00
   0.4134129D+00   0.1103249D+02  -0.9009842D+01   0.1729459D+01
  -0.1529775D+01  -0.9009842D+01   0.4927629D+02  -0.2988106D+01
   0.3700500D+00   0.1729459D+01  -0.2988106D+01   0.1735531D+01

      F    MATRIX       2 ROWS       4 COLUMNS
   0.4407260D-01   0.1607466D+00  -0.3339424D+00   0.7709007D-01
   0.2818754D-02  -0.3282453D+00   0.2038978D+00  -0.3081371D-01



 TIME =   0.60000000D+01


      P    MATRIX       4 ROWS       4 COLUMNS
   0.2393095D+00   0.4134131D+00  -0.1529775D+01   0.3700501D+00
   0.4134131D+00   0.1103249D+02  -0.9009843D+01   0.1729460D+01
  -0.1529775D+01  -0.9009843D+01   0.4927629D+02  -0.2988107D+01
   0.3700501D+00   0.1729460D+01  -0.2988107D+01   0.1735531D+01

      F    MATRIX       2 ROWS       4 COLUMNS
   0.4407260D-01   0.1607466D+00  -0.3339425D+00   0.7709009D-01
   0.2818750D-02  -0.3282453D+00   0.2038978D+00  -0.3081373D-01



 TIME =   0.40000000D+01


      P    MATRIX       4 ROWS       4 COLUMNS
   0.2393095D+00   0.4134131D+00  -0.1529775D+01   0.3700502D+00
   0.4134131D+00   0.1103249D+02  -0.9009843D+01   0.1729460D+01
  -0.1529775D+01  -0.9009843D+01   0.4927629D+02  -0.2988107D+01
   0.3700502D+00   0.1729460D+01  -0.2988107D+01   0.1735531D+01

      F    MATRIX       2 ROWS       4 COLUMNS
   0.4407260D-01   0.1607466D+00  -0.3339425D+00   0.7709010D-01
   0.2818750D-02  -0.3282453D+00   0.2038978D+00  -0.3081373D-01


 STEADY-STATE SOLUTION HAS BEEN REACHED IN CNTREG

