 
      EXAMPLE 2 - OPTIMAL SAMPLED-DATA REGULATOR, RUN WITH AMD64/ORACLS AT PDAS  

        A  MATRIX       4 ROWS       4 COLUMNS
  -0.2600000D+01   0.2500000D+00  -0.3800000D+02   0.0000000D+00
  -0.7500000D-01  -0.2700000D+00   0.4400000D+01   0.0000000D+00
   0.7800000D-01  -0.9900000D+00  -0.2300000D+00   0.5200000D-01
   0.1000000D+01   0.7800000D-01   0.0000000D+00   0.0000000D+00

        B  MATRIX       4 ROWS       2 COLUMNS
   0.1700000D+02   0.7000000D+01
   0.8200000D+00  -0.3200000D+01
   0.0000000D+00   0.4600000D-01
   0.0000000D+00   0.0000000D+00

        Q  MATRIX       4 ROWS       4 COLUMNS
   0.1000000D+01   0.0000000D+00   0.0000000D+00   0.0000000D+00
   0.0000000D+00   0.1000000D+01   0.0000000D+00   0.0000000D+00
   0.0000000D+00   0.0000000D+00   0.1000000D+01   0.0000000D+00
   0.0000000D+00   0.0000000D+00   0.0000000D+00   0.1000000D+01

        R  MATRIX       2 ROWS       2 COLUMNS
   0.1000000D+01   0.0000000D+00
   0.0000000D+00   0.1000000D+01

     ATIL  MATRIX       4 ROWS       4 COLUMNS
   0.8746022D+00   0.5620655D-01  -0.1764404D+01  -0.2352429D-02
  -0.3069887D-02   0.9811469D+00   0.2199851D+00   0.2861647D-03
   0.3774314D-02  -0.4870792D-01   0.9795844D+00   0.2577285D-02
   0.4682076D-01   0.4917711D-02  -0.4480977D-01   0.9999607D+00

     BTIL  MATRIX       4 ROWS       2 COLUMNS
   0.7969239D+00   0.3223461D+00
   0.3925022D-01  -0.1589573D+00
   0.6180066D-03   0.6867614D-02
   0.2043517D-01   0.7985285D-02

     QTIL  MATRIX       4 ROWS       4 COLUMNS
   0.4395940D-01   0.8739874D-03  -0.4139080D-01   0.1160879D-02
   0.8739874D-03   0.4922756D-01   0.2861933D-02   0.1126691D-03
  -0.4139080D-01   0.2861933D-02   0.1038672D+00  -0.6383598D-03
   0.1160879D-02   0.1126691D-03  -0.6383598D-03   0.4999918D-01

     WTIL  MATRIX       4 ROWS       2 COLUMNS
   0.3731903D-01   0.1522966D-01
   0.3198536D-02  -0.7383888D-02
  -0.4826367D-01  -0.2066786D-01
   0.6408639D-03   0.2499115D-03

     RTIL  MATRIX       2 ROWS       2 COLUMNS
   0.6096477D-01   0.4345199D-02
   0.4345199D-02   0.5223411D-01

     AHAT  MATRIX       4 ROWS       4 COLUMNS
   0.5985458D+00   0.5476499D-01  -0.1404903D+01  -0.7063313D-02
   0.4495472D-02   0.9682610D+00   0.2086874D+00   0.3979804D-03
   0.2759241D-02  -0.4822399D-01   0.9809610D+00   0.2560617D-02
   0.3977592D-01   0.4860187D-02  -0.3563778D-01   0.9998404D+00

     QHAT  MATRIX       4 ROWS       4 COLUMNS
 
      EXAMPLE 2 - OPTIMAL SAMPLED-DATA REGULATOR, RUN WITH AMD64/ORACLS AT PDAS  
   0.3748756D-01   0.8451658D-03  -0.3296213D-01   0.1050444D-02
   0.8451658D-03   0.4890664D-01   0.2863593D-02   0.1117482D-03
  -0.3296213D-01   0.2863593D-02   0.9288607D-01  -0.4945818D-03
   0.1050444D-02   0.1117482D-03  -0.4945818D-03   0.4999729D-01

     FTIL  MATRIX       2 ROWS       4 COLUMNS
   0.2974435D+00   0.3145686D-01  -0.3840085D+00   0.5115847D-02
   0.1210393D+00  -0.7329752D-01  -0.1658942D+00   0.1966653D-02


 COMPUTATION OF F SUCH THAT A-BF IS ASYMPTOTICALLY STABLE IN THE DISCRETE SENSE


      A    MATRIX       4 ROWS       4 COLUMNS
   0.6650509D+00   0.6085000D-01  -0.1561003D+01  -0.7848126D-02
   0.4994969D-02   0.1075846D+01   0.2318749D+00   0.4422005D-03
   0.3065823D-02  -0.5358221D-01   0.1089957D+01   0.2845131D-02
   0.4419547D-01   0.5400207D-02  -0.3959753D-01   0.1110934D+01

      B    MATRIX       4 ROWS       2 COLUMNS
   0.8854711D+00   0.3581623D+00
   0.4361136D-01  -0.1766193D+00
   0.6866740D-03   0.7630682D-02
   0.2270574D-01   0.8872539D-02


 ALPHA =   0.33873840D+00


      F    MATRIX       2 ROWS       4 COLUMNS
   0.8149812D+00   0.2292193D+01  -0.3062859D+02   0.1489992D+02
   0.1095567D+00  -0.5742279D+01   0.8037372D+02  -0.3426556D+01

     A-BF  MATRIX       4 ROWS       4 COLUMNS
  -0.9583049D-01   0.8784725D-01  -0.3227110D+01  -0.1197404D+02
  -0.1119764D-01  -0.3831705D-01   0.1576318D+02  -0.1254559D+01
   0.1670204D-02  -0.1133869D-01   0.4976822D+00   0.1876070D-01
   0.2471866D-01   0.4302850D-02  -0.5727154D-01   0.8030222D+00


 EIGENVALUES OF A-BF

     EIGN  MATRIX       4 ROWS       2 COLUMNS
   0.2341923D+00   0.3352801D+00
   0.2341923D+00  -0.3352801D+00
   0.3490862D+00   0.3166460D+00
   0.3490862D+00  -0.3166460D+00


 MODULI OF EIGENVALUES OF A-BF


     MOD   MATRIX       4 ROWS       1 COLUMNS
   0.4089728D+00
   0.4089728D+00
   0.4713023D+00
   0.4713023D+00
 
      EXAMPLE 2 - OPTIMAL SAMPLED-DATA REGULATOR, RUN WITH AMD64/ORACLS AT PDAS  


 PROGRAM TO SOLVE DISCRETE STEADY-STATE RICCATI EQUATION BY THE NEWTON ALGORITHM


      A    MATRIX       4 ROWS       4 COLUMNS
   0.5985458D+00   0.5476499D-01  -0.1404903D+01  -0.7063313D-02
   0.4495472D-02   0.9682610D+00   0.2086874D+00   0.3979804D-03
   0.2759241D-02  -0.4822399D-01   0.9809610D+00   0.2560617D-02
   0.3977592D-01   0.4860187D-02  -0.3563778D-01   0.9998404D+00

      B    MATRIX       4 ROWS       2 COLUMNS
   0.7969239D+00   0.3223461D+00
   0.3925022D-01  -0.1589573D+00
   0.6180066D-03   0.6867614D-02
   0.2043517D-01   0.7985285D-02

      Q    MATRIX       4 ROWS       4 COLUMNS
   0.3748756D-01   0.8451658D-03  -0.3296213D-01   0.1050444D-02
   0.8451658D-03   0.4890664D-01   0.2863593D-02   0.1117482D-03
  -0.3296213D-01   0.2863593D-02   0.9288607D-01  -0.4945818D-03
   0.1050444D-02   0.1117482D-03  -0.4945818D-03   0.4999729D-01

 H IS AN IDENTITY MATRIX


      R    MATRIX       2 ROWS       2 COLUMNS
   0.6096477D-01   0.4345199D-02
   0.4345199D-02   0.5223411D-01

 INITIAL F MATRIX


      F    MATRIX       2 ROWS       4 COLUMNS
   0.8149812D+00   0.2292193D+01  -0.3062859D+02   0.1489992D+02
   0.1095567D+00  -0.5742279D+01   0.8037372D+02  -0.3426556D+01


 FINAL VALUES OF P AND F AFTER   10 ITERATIONS TO CONVERGE


      P    MATRIX       4 ROWS       4 COLUMNS
   0.5152027D-01   0.1059097D-01  -0.9508972D-01   0.5617373D-01
   0.1059097D-01   0.3689582D+00  -0.3413249D+00   0.4281909D-01
  -0.9508972D-01  -0.3413249D+00   0.2921106D+01  -0.1349847D+00
   0.5617373D-01   0.4281909D-01  -0.1349847D+00   0.1063557D+01

      F    MATRIX       2 ROWS       4 COLUMNS
   0.2765746D+00   0.4458975D+00  -0.1567853D+01   0.6751544D+00
   0.8241467D-01  -0.9459688D+00   0.4631334D+00   0.1387754D+00


 RESIDUAL ERROR IN RICCATI EQUATION 


     EROR  MATRIX       4 ROWS       4 COLUMNS
  -0.2629841D-14  -0.4222317D-14   0.1118550D-13  -0.4692080D-13
  -0.4222317D-14  -0.6716849D-14   0.1804112D-13  -0.7537720D-13
 
      EXAMPLE 2 - OPTIMAL SAMPLED-DATA REGULATOR, RUN WITH AMD64/ORACLS AT PDAS  
   0.1117162D-13   0.1804112D-13  -0.4751755D-13   0.1999512D-12
  -0.4693468D-13  -0.7537720D-13   0.1999234D-12  -0.8375522D-12


 EIGENVALUES OF P 


     EVLP  MATRIX       4 ROWS       1 COLUMNS
   0.4571700D-01
   0.3233014D+00
   0.1056612D+01
   0.2979512D+01


 CLOSED-LOOP RESPONSE MATRIX A-BF 


     A-BF  MATRIX       4 ROWS       4 COLUMNS
   0.3515708D+00   0.4347941D-02  -0.3047322D+00  -0.5898437D+00
   0.6740274D-02   0.8003908D+00   0.3438444D+00  -0.4042607D-02
   0.2022324D-02  -0.4200300D-01   0.9787493D+00   0.1190312D-02
   0.3346596D-01   0.3302026D-02  -0.7296688D-02   0.9849354D+00


 EIGENVALUES OF A-BF


   0.3857355D+00   0.0000000D+00
   0.8893309D+00   0.7997619D-01
   0.8893309D+00  -0.7997619D-01
   0.9512489D+00   0.0000000D+00
     FOR THE ORIGINAL SAMPLED-DATA PROBLEM

     FHAT  MATRIX       2 ROWS       4 COLUMNS
   0.2765746D+00   0.4458975D+00  -0.1567853D+01   0.6751544D+00
   0.8241467D-01  -0.9459688D+00   0.4631334D+00   0.1387754D+00

     F     MATRIX       2 ROWS       4 COLUMNS
   0.5740181D+00   0.4773543D+00  -0.1951862D+01   0.6802702D+00
   0.2034540D+00  -0.1019266D+01   0.2972392D+00   0.1407421D+00
